{
 "cells": [
  {
   "cell_type": "code",
   "execution_count": 8,
   "metadata": {},
   "outputs": [],
   "source": [
    "import numpy as np\n",
    "import pandas as pd"
   ]
  },
  {
   "cell_type": "code",
   "execution_count": 9,
   "metadata": {},
   "outputs": [],
   "source": [
    "from sklearn import datasets\n",
    "from sklearn.covariance import graphical_lasso\n",
    "import seaborn as sns"
   ]
  },
  {
   "cell_type": "code",
   "execution_count": 10,
   "metadata": {},
   "outputs": [],
   "source": [
    "boston = datasets.load_boston()"
   ]
  },
  {
   "cell_type": "code",
   "execution_count": 16,
   "metadata": {},
   "outputs": [],
   "source": [
    "X = pd.DataFrame(boston.data, columns = boston.feature_names)\n",
    "y = pd.Series(boston.target)"
   ]
  },
  {
   "cell_type": "code",
   "execution_count": 17,
   "metadata": {},
   "outputs": [
    {
     "data": {
      "text/html": [
       "<div>\n",
       "<style scoped>\n",
       "    .dataframe tbody tr th:only-of-type {\n",
       "        vertical-align: middle;\n",
       "    }\n",
       "\n",
       "    .dataframe tbody tr th {\n",
       "        vertical-align: top;\n",
       "    }\n",
       "\n",
       "    .dataframe thead th {\n",
       "        text-align: right;\n",
       "    }\n",
       "</style>\n",
       "<table border=\"1\" class=\"dataframe\">\n",
       "  <thead>\n",
       "    <tr style=\"text-align: right;\">\n",
       "      <th></th>\n",
       "      <th>CRIM</th>\n",
       "      <th>ZN</th>\n",
       "      <th>INDUS</th>\n",
       "      <th>CHAS</th>\n",
       "      <th>NOX</th>\n",
       "      <th>RM</th>\n",
       "      <th>AGE</th>\n",
       "      <th>DIS</th>\n",
       "      <th>RAD</th>\n",
       "      <th>TAX</th>\n",
       "      <th>PTRATIO</th>\n",
       "      <th>B</th>\n",
       "      <th>LSTAT</th>\n",
       "    </tr>\n",
       "  </thead>\n",
       "  <tbody>\n",
       "    <tr>\n",
       "      <th>count</th>\n",
       "      <td>506.000000</td>\n",
       "      <td>506.000000</td>\n",
       "      <td>506.000000</td>\n",
       "      <td>506.000000</td>\n",
       "      <td>506.000000</td>\n",
       "      <td>506.000000</td>\n",
       "      <td>506.000000</td>\n",
       "      <td>506.000000</td>\n",
       "      <td>506.000000</td>\n",
       "      <td>506.000000</td>\n",
       "      <td>506.000000</td>\n",
       "      <td>506.000000</td>\n",
       "      <td>506.000000</td>\n",
       "    </tr>\n",
       "    <tr>\n",
       "      <th>mean</th>\n",
       "      <td>3.613524</td>\n",
       "      <td>11.363636</td>\n",
       "      <td>11.136779</td>\n",
       "      <td>0.069170</td>\n",
       "      <td>0.554695</td>\n",
       "      <td>6.284634</td>\n",
       "      <td>68.574901</td>\n",
       "      <td>3.795043</td>\n",
       "      <td>9.549407</td>\n",
       "      <td>408.237154</td>\n",
       "      <td>18.455534</td>\n",
       "      <td>356.674032</td>\n",
       "      <td>12.653063</td>\n",
       "    </tr>\n",
       "    <tr>\n",
       "      <th>std</th>\n",
       "      <td>8.601545</td>\n",
       "      <td>23.322453</td>\n",
       "      <td>6.860353</td>\n",
       "      <td>0.253994</td>\n",
       "      <td>0.115878</td>\n",
       "      <td>0.702617</td>\n",
       "      <td>28.148861</td>\n",
       "      <td>2.105710</td>\n",
       "      <td>8.707259</td>\n",
       "      <td>168.537116</td>\n",
       "      <td>2.164946</td>\n",
       "      <td>91.294864</td>\n",
       "      <td>7.141062</td>\n",
       "    </tr>\n",
       "    <tr>\n",
       "      <th>min</th>\n",
       "      <td>0.006320</td>\n",
       "      <td>0.000000</td>\n",
       "      <td>0.460000</td>\n",
       "      <td>0.000000</td>\n",
       "      <td>0.385000</td>\n",
       "      <td>3.561000</td>\n",
       "      <td>2.900000</td>\n",
       "      <td>1.129600</td>\n",
       "      <td>1.000000</td>\n",
       "      <td>187.000000</td>\n",
       "      <td>12.600000</td>\n",
       "      <td>0.320000</td>\n",
       "      <td>1.730000</td>\n",
       "    </tr>\n",
       "    <tr>\n",
       "      <th>25%</th>\n",
       "      <td>0.082045</td>\n",
       "      <td>0.000000</td>\n",
       "      <td>5.190000</td>\n",
       "      <td>0.000000</td>\n",
       "      <td>0.449000</td>\n",
       "      <td>5.885500</td>\n",
       "      <td>45.025000</td>\n",
       "      <td>2.100175</td>\n",
       "      <td>4.000000</td>\n",
       "      <td>279.000000</td>\n",
       "      <td>17.400000</td>\n",
       "      <td>375.377500</td>\n",
       "      <td>6.950000</td>\n",
       "    </tr>\n",
       "    <tr>\n",
       "      <th>50%</th>\n",
       "      <td>0.256510</td>\n",
       "      <td>0.000000</td>\n",
       "      <td>9.690000</td>\n",
       "      <td>0.000000</td>\n",
       "      <td>0.538000</td>\n",
       "      <td>6.208500</td>\n",
       "      <td>77.500000</td>\n",
       "      <td>3.207450</td>\n",
       "      <td>5.000000</td>\n",
       "      <td>330.000000</td>\n",
       "      <td>19.050000</td>\n",
       "      <td>391.440000</td>\n",
       "      <td>11.360000</td>\n",
       "    </tr>\n",
       "    <tr>\n",
       "      <th>75%</th>\n",
       "      <td>3.677083</td>\n",
       "      <td>12.500000</td>\n",
       "      <td>18.100000</td>\n",
       "      <td>0.000000</td>\n",
       "      <td>0.624000</td>\n",
       "      <td>6.623500</td>\n",
       "      <td>94.075000</td>\n",
       "      <td>5.188425</td>\n",
       "      <td>24.000000</td>\n",
       "      <td>666.000000</td>\n",
       "      <td>20.200000</td>\n",
       "      <td>396.225000</td>\n",
       "      <td>16.955000</td>\n",
       "    </tr>\n",
       "    <tr>\n",
       "      <th>max</th>\n",
       "      <td>88.976200</td>\n",
       "      <td>100.000000</td>\n",
       "      <td>27.740000</td>\n",
       "      <td>1.000000</td>\n",
       "      <td>0.871000</td>\n",
       "      <td>8.780000</td>\n",
       "      <td>100.000000</td>\n",
       "      <td>12.126500</td>\n",
       "      <td>24.000000</td>\n",
       "      <td>711.000000</td>\n",
       "      <td>22.000000</td>\n",
       "      <td>396.900000</td>\n",
       "      <td>37.970000</td>\n",
       "    </tr>\n",
       "  </tbody>\n",
       "</table>\n",
       "</div>"
      ],
      "text/plain": [
       "             CRIM          ZN       INDUS        CHAS         NOX          RM  \\\n",
       "count  506.000000  506.000000  506.000000  506.000000  506.000000  506.000000   \n",
       "mean     3.613524   11.363636   11.136779    0.069170    0.554695    6.284634   \n",
       "std      8.601545   23.322453    6.860353    0.253994    0.115878    0.702617   \n",
       "min      0.006320    0.000000    0.460000    0.000000    0.385000    3.561000   \n",
       "25%      0.082045    0.000000    5.190000    0.000000    0.449000    5.885500   \n",
       "50%      0.256510    0.000000    9.690000    0.000000    0.538000    6.208500   \n",
       "75%      3.677083   12.500000   18.100000    0.000000    0.624000    6.623500   \n",
       "max     88.976200  100.000000   27.740000    1.000000    0.871000    8.780000   \n",
       "\n",
       "              AGE         DIS         RAD         TAX     PTRATIO           B  \\\n",
       "count  506.000000  506.000000  506.000000  506.000000  506.000000  506.000000   \n",
       "mean    68.574901    3.795043    9.549407  408.237154   18.455534  356.674032   \n",
       "std     28.148861    2.105710    8.707259  168.537116    2.164946   91.294864   \n",
       "min      2.900000    1.129600    1.000000  187.000000   12.600000    0.320000   \n",
       "25%     45.025000    2.100175    4.000000  279.000000   17.400000  375.377500   \n",
       "50%     77.500000    3.207450    5.000000  330.000000   19.050000  391.440000   \n",
       "75%     94.075000    5.188425   24.000000  666.000000   20.200000  396.225000   \n",
       "max    100.000000   12.126500   24.000000  711.000000   22.000000  396.900000   \n",
       "\n",
       "            LSTAT  \n",
       "count  506.000000  \n",
       "mean    12.653063  \n",
       "std      7.141062  \n",
       "min      1.730000  \n",
       "25%      6.950000  \n",
       "50%     11.360000  \n",
       "75%     16.955000  \n",
       "max     37.970000  "
      ]
     },
     "execution_count": 17,
     "metadata": {},
     "output_type": "execute_result"
    }
   ],
   "source": [
    "X.describe()"
   ]
  },
  {
   "cell_type": "code",
   "execution_count": 26,
   "metadata": {},
   "outputs": [
    {
     "data": {
      "text/plain": [
       "(array([[ 1.00000000e+00, -1.29888849e-03,  1.93652075e-02,\n",
       "          0.00000000e+00,  1.85857700e-02, -4.60429689e-04,\n",
       "          5.69061041e-03, -7.15071335e-03,  1.25505155e-01,\n",
       "          8.27640144e-02,  0.00000000e+00,  0.00000000e+00,\n",
       "          4.04360775e-03],\n",
       "        [-1.29888849e-03,  1.00000000e+00, -3.70600058e-02,\n",
       "          0.00000000e+00, -4.93157166e-02,  1.24771841e-03,\n",
       "         -6.95373868e-02,  1.64408635e-01, -7.36288007e-03,\n",
       "         -1.29113014e-02,  0.00000000e+00,  0.00000000e+00,\n",
       "         -1.09633276e-02],\n",
       "        [ 1.93652075e-02, -3.70600058e-02,  1.00000000e+00,\n",
       "          0.00000000e+00,  2.63652271e-01, -1.18132664e-02,\n",
       "          1.44779309e-01, -2.08028153e-01,  1.00473819e-01,\n",
       "          2.20759602e-01,  0.00000000e+00,  0.00000000e+00,\n",
       "          1.03799359e-01],\n",
       "        [ 0.00000000e+00,  0.00000000e+00,  0.00000000e+00,\n",
       "          1.00000000e+00,  0.00000000e+00,  0.00000000e+00,\n",
       "          0.00000000e+00,  0.00000000e+00,  0.00000000e+00,\n",
       "          0.00000000e+00,  0.00000000e+00,  0.00000000e+00,\n",
       "          0.00000000e+00],\n",
       "        [ 1.85857700e-02, -4.93157166e-02,  2.63652271e-01,\n",
       "          0.00000000e+00,  1.00000000e+00, -1.03427729e-02,\n",
       "          2.31470400e-01, -2.69230085e-01,  1.11440583e-01,\n",
       "          1.68023501e-01,  0.00000000e+00,  0.00000000e+00,\n",
       "          9.08789484e-02],\n",
       "        [-4.60429689e-04,  1.24771841e-03, -1.18132664e-02,\n",
       "          0.00000000e+00, -1.03427729e-02,  1.00000000e+00,\n",
       "         -1.16469711e-02,  5.67914955e-03, -2.46963361e-03,\n",
       "         -5.00681419e-03,  0.00000000e+00,  0.00000000e+00,\n",
       "         -1.13808273e-01],\n",
       "        [ 5.69061041e-03, -6.95373868e-02,  1.44779309e-01,\n",
       "          0.00000000e+00,  2.31470400e-01, -1.16469711e-02,\n",
       "          1.00000000e+00, -2.47880541e-01,  3.26094467e-02,\n",
       "          5.57988957e-02,  0.00000000e+00,  0.00000000e+00,\n",
       "          1.02338536e-01],\n",
       "        [-7.15071335e-03,  1.64408635e-01, -2.08028153e-01,\n",
       "          0.00000000e+00, -2.69230085e-01,  5.67914955e-03,\n",
       "         -2.47880541e-01,  1.00000000e+00, -4.05510643e-02,\n",
       "         -7.14156121e-02,  0.00000000e+00,  0.00000000e+00,\n",
       "         -4.99009856e-02],\n",
       "        [ 1.25505155e-01, -7.36288007e-03,  1.00473819e-01,\n",
       "          0.00000000e+00,  1.11440583e-01, -2.46963361e-03,\n",
       "          3.26094467e-02, -4.05510643e-02,  1.00000000e+00,\n",
       "          4.10228353e-01,  0.00000000e+00,  0.00000000e+00,\n",
       "          2.16999849e-02],\n",
       "        [ 8.27640144e-02, -1.29113014e-02,  2.20759602e-01,\n",
       "          0.00000000e+00,  1.68023501e-01, -5.00681419e-03,\n",
       "          5.57988957e-02, -7.14156121e-02,  4.10228353e-01,\n",
       "          1.00000000e+00,  0.00000000e+00,  0.00000000e+00,\n",
       "          4.39934120e-02],\n",
       "        [ 0.00000000e+00,  0.00000000e+00,  0.00000000e+00,\n",
       "          0.00000000e+00,  0.00000000e+00,  0.00000000e+00,\n",
       "          0.00000000e+00,  0.00000000e+00,  0.00000000e+00,\n",
       "          0.00000000e+00,  1.00000000e+00,  0.00000000e+00,\n",
       "          0.00000000e+00],\n",
       "        [ 0.00000000e+00,  0.00000000e+00,  0.00000000e+00,\n",
       "          0.00000000e+00,  0.00000000e+00,  0.00000000e+00,\n",
       "          0.00000000e+00,  0.00000000e+00,  0.00000000e+00,\n",
       "          0.00000000e+00,  0.00000000e+00,  1.00000000e+00,\n",
       "          0.00000000e+00],\n",
       "        [ 4.04360775e-03, -1.09633276e-02,  1.03799359e-01,\n",
       "          0.00000000e+00,  9.08789484e-02, -1.13808273e-01,\n",
       "          1.02338536e-01, -4.99009856e-02,  2.16999849e-02,\n",
       "          4.39934120e-02,  0.00000000e+00,  0.00000000e+00,\n",
       "          1.00000000e+00]]),\n",
       " array([[ 1.01721939,  0.        , -0.        ,  0.        , -0.        ,\n",
       "          0.        , -0.        ,  0.        , -0.111973  , -0.03825393,\n",
       "         -0.        ,  0.        , -0.        ],\n",
       "        [ 0.        ,  1.02871427,  0.        ,  0.        ,  0.        ,\n",
       "         -0.        ,  0.0315488 , -0.16130926,  0.        ,  0.        ,\n",
       "          0.        , -0.        ,  0.        ],\n",
       "        [-0.        ,  0.        ,  1.14702065, -0.        , -0.20707976,\n",
       "          0.        , -0.06197936,  0.14928119, -0.        , -0.20089043,\n",
       "         -0.        ,  0.        , -0.07761231],\n",
       "        [ 0.        ,  0.        , -0.        ,  1.        , -0.        ,\n",
       "         -0.        , -0.        ,  0.        ,  0.        ,  0.        ,\n",
       "          0.        , -0.        ,  0.        ],\n",
       "        [-0.        ,  0.        , -0.20707976, -0.        ,  1.18246344,\n",
       "          0.        , -0.17659809,  0.21941582, -0.05271759, -0.10356743,\n",
       "         -0.        ,  0.        , -0.05124652],\n",
       "        [ 0.        , -0.        ,  0.        , -0.        ,  0.        ,\n",
       "          1.01312229,  0.        , -0.        ,  0.        ,  0.        ,\n",
       "          0.        , -0.        ,  0.1153017 ],\n",
       "        [-0.        ,  0.0315488 , -0.06197936, -0.        , -0.17659809,\n",
       "          0.        ,  1.11131573,  0.20582411, -0.        , -0.        ,\n",
       "         -0.        ,  0.        , -0.08063126],\n",
       "        [ 0.        , -0.16130926,  0.14928119,  0.        ,  0.21941582,\n",
       "         -0.        ,  0.20582411,  1.16766823,  0.        ,  0.        ,\n",
       "          0.        , -0.        ,  0.        ],\n",
       "        [-0.111973  ,  0.        , -0.        ,  0.        , -0.05271759,\n",
       "          0.        , -0.        ,  0.        ,  1.21735832, -0.48126987,\n",
       "         -0.        ,  0.        , -0.        ],\n",
       "        [-0.03825393,  0.        , -0.20089043,  0.        , -0.10356743,\n",
       "          0.        , -0.        ,  0.        , -0.48126987,  1.26299359,\n",
       "         -0.        ,  0.        , -0.01470077],\n",
       "        [-0.        ,  0.        , -0.        ,  0.        , -0.        ,\n",
       "          0.        , -0.        ,  0.        , -0.        , -0.        ,\n",
       "          1.        ,  0.        , -0.        ],\n",
       "        [ 0.        , -0.        ,  0.        , -0.        ,  0.        ,\n",
       "         -0.        ,  0.        , -0.        ,  0.        ,  0.        ,\n",
       "          0.        ,  1.        ,  0.        ],\n",
       "        [-0.        ,  0.        , -0.07761231,  0.        , -0.05124652,\n",
       "          0.1153017 , -0.08063126,  0.        , -0.        , -0.01470077,\n",
       "         -0.        ,  0.        ,  1.03473407]]))"
      ]
     },
     "execution_count": 26,
     "metadata": {},
     "output_type": "execute_result"
    }
   ],
   "source": [
    "cor = np.corrcoef(X.T)\n",
    "graphical_lasso(cor, alpha = 0.5)"
   ]
  },
  {
   "cell_type": "code",
   "execution_count": 22,
   "metadata": {},
   "outputs": [
    {
     "data": {
      "text/plain": [
       "array([[ 1.        , -0.20046922,  0.40658341, -0.05589158,  0.42097171,\n",
       "        -0.2192467 ,  0.35273425, -0.37967009,  0.62550515,  0.58276431,\n",
       "         0.28994558, -0.38506394,  0.45562148],\n",
       "       [-0.20046922,  1.        , -0.53382819, -0.04269672, -0.51660371,\n",
       "         0.31199059, -0.56953734,  0.66440822, -0.31194783, -0.31456332,\n",
       "        -0.39167855,  0.17552032, -0.41299457],\n",
       "       [ 0.40658341, -0.53382819,  1.        ,  0.06293803,  0.76365145,\n",
       "        -0.39167585,  0.64477851, -0.70802699,  0.59512927,  0.72076018,\n",
       "         0.38324756, -0.35697654,  0.60379972],\n",
       "       [-0.05589158, -0.04269672,  0.06293803,  1.        ,  0.09120281,\n",
       "         0.09125123,  0.08651777, -0.09917578, -0.00736824, -0.03558652,\n",
       "        -0.12151517,  0.04878848, -0.0539293 ],\n",
       "       [ 0.42097171, -0.51660371,  0.76365145,  0.09120281,  1.        ,\n",
       "        -0.30218819,  0.7314701 , -0.76923011,  0.61144056,  0.6680232 ,\n",
       "         0.18893268, -0.38005064,  0.59087892],\n",
       "       [-0.2192467 ,  0.31199059, -0.39167585,  0.09125123, -0.30218819,\n",
       "         1.        , -0.24026493,  0.20524621, -0.20984667, -0.29204783,\n",
       "        -0.35550149,  0.12806864, -0.61380827],\n",
       "       [ 0.35273425, -0.56953734,  0.64477851,  0.08651777,  0.7314701 ,\n",
       "        -0.24026493,  1.        , -0.74788054,  0.45602245,  0.50645559,\n",
       "         0.26151501, -0.27353398,  0.60233853],\n",
       "       [-0.37967009,  0.66440822, -0.70802699, -0.09917578, -0.76923011,\n",
       "         0.20524621, -0.74788054,  1.        , -0.49458793, -0.53443158,\n",
       "        -0.23247054,  0.29151167, -0.49699583],\n",
       "       [ 0.62550515, -0.31194783,  0.59512927, -0.00736824,  0.61144056,\n",
       "        -0.20984667,  0.45602245, -0.49458793,  1.        ,  0.91022819,\n",
       "         0.46474118, -0.44441282,  0.48867633],\n",
       "       [ 0.58276431, -0.31456332,  0.72076018, -0.03558652,  0.6680232 ,\n",
       "        -0.29204783,  0.50645559, -0.53443158,  0.91022819,  1.        ,\n",
       "         0.46085304, -0.44180801,  0.54399341],\n",
       "       [ 0.28994558, -0.39167855,  0.38324756, -0.12151517,  0.18893268,\n",
       "        -0.35550149,  0.26151501, -0.23247054,  0.46474118,  0.46085304,\n",
       "         1.        , -0.1773833 ,  0.37404432],\n",
       "       [-0.38506394,  0.17552032, -0.35697654,  0.04878848, -0.38005064,\n",
       "         0.12806864, -0.27353398,  0.29151167, -0.44441282, -0.44180801,\n",
       "        -0.1773833 ,  1.        , -0.3660869 ],\n",
       "       [ 0.45562148, -0.41299457,  0.60379972, -0.0539293 ,  0.59087892,\n",
       "        -0.61380827,  0.60233853, -0.49699583,  0.48867633,  0.54399341,\n",
       "         0.37404432, -0.3660869 ,  1.        ]])"
      ]
     },
     "execution_count": 22,
     "metadata": {},
     "output_type": "execute_result"
    }
   ],
   "source": []
  },
  {
   "cell_type": "code",
   "execution_count": null,
   "metadata": {},
   "outputs": [],
   "source": []
  },
  {
   "cell_type": "code",
   "execution_count": 19,
   "metadata": {},
   "outputs": [
    {
     "name": "stdout",
     "output_type": "stream",
     "text": [
      "Help on function graphical_lasso in module sklearn.covariance._graph_lasso:\n",
      "\n",
      "graphical_lasso(emp_cov, alpha, *, cov_init=None, mode='cd', tol=0.0001, enet_tol=0.0001, max_iter=100, verbose=False, return_costs=False, eps=2.220446049250313e-16, return_n_iter=False)\n",
      "    l1-penalized covariance estimator\n",
      "    \n",
      "    Read more in the :ref:`User Guide <sparse_inverse_covariance>`.\n",
      "    \n",
      "    .. versionchanged:: v0.20\n",
      "        graph_lasso has been renamed to graphical_lasso\n",
      "    \n",
      "    Parameters\n",
      "    ----------\n",
      "    emp_cov : ndarray of shape (n_features, n_features)\n",
      "        Empirical covariance from which to compute the covariance estimate.\n",
      "    \n",
      "    alpha : float\n",
      "        The regularization parameter: the higher alpha, the more\n",
      "        regularization, the sparser the inverse covariance.\n",
      "        Range is (0, inf].\n",
      "    \n",
      "    cov_init : array of shape (n_features, n_features), default=None\n",
      "        The initial guess for the covariance. If None, then the empirical\n",
      "        covariance is used.\n",
      "    \n",
      "    mode : {'cd', 'lars'}, default='cd'\n",
      "        The Lasso solver to use: coordinate descent or LARS. Use LARS for\n",
      "        very sparse underlying graphs, where p > n. Elsewhere prefer cd\n",
      "        which is more numerically stable.\n",
      "    \n",
      "    tol : float, default=1e-4\n",
      "        The tolerance to declare convergence: if the dual gap goes below\n",
      "        this value, iterations are stopped. Range is (0, inf].\n",
      "    \n",
      "    enet_tol : float, default=1e-4\n",
      "        The tolerance for the elastic net solver used to calculate the descent\n",
      "        direction. This parameter controls the accuracy of the search direction\n",
      "        for a given column update, not of the overall parameter estimate. Only\n",
      "        used for mode='cd'. Range is (0, inf].\n",
      "    \n",
      "    max_iter : int, default=100\n",
      "        The maximum number of iterations.\n",
      "    \n",
      "    verbose : bool, default=False\n",
      "        If verbose is True, the objective function and dual gap are\n",
      "        printed at each iteration.\n",
      "    \n",
      "    return_costs : bool, default=Flase\n",
      "        If return_costs is True, the objective function and dual gap\n",
      "        at each iteration are returned.\n",
      "    \n",
      "    eps : float, default=eps\n",
      "        The machine-precision regularization in the computation of the\n",
      "        Cholesky diagonal factors. Increase this for very ill-conditioned\n",
      "        systems. Default is `np.finfo(np.float64).eps`.\n",
      "    \n",
      "    return_n_iter : bool, default=False\n",
      "        Whether or not to return the number of iterations.\n",
      "    \n",
      "    Returns\n",
      "    -------\n",
      "    covariance : ndarray of shape (n_features, n_features)\n",
      "        The estimated covariance matrix.\n",
      "    \n",
      "    precision : ndarray of shape (n_features, n_features)\n",
      "        The estimated (sparse) precision matrix.\n",
      "    \n",
      "    costs : list of (objective, dual_gap) pairs\n",
      "        The list of values of the objective function and the dual gap at\n",
      "        each iteration. Returned only if return_costs is True.\n",
      "    \n",
      "    n_iter : int\n",
      "        Number of iterations. Returned only if `return_n_iter` is set to True.\n",
      "    \n",
      "    See Also\n",
      "    --------\n",
      "    GraphicalLasso, GraphicalLassoCV\n",
      "    \n",
      "    Notes\n",
      "    -----\n",
      "    The algorithm employed to solve this problem is the GLasso algorithm,\n",
      "    from the Friedman 2008 Biostatistics paper. It is the same algorithm\n",
      "    as in the R `glasso` package.\n",
      "    \n",
      "    One possible difference with the `glasso` R package is that the\n",
      "    diagonal coefficients are not penalized.\n",
      "\n"
     ]
    }
   ],
   "source": [
    "help(graphical_lasso)"
   ]
  },
  {
   "cell_type": "code",
   "execution_count": 18,
   "metadata": {},
   "outputs": [
    {
     "name": "stdout",
     "output_type": "stream",
     "text": [
      "Help on function load_boston in module sklearn.datasets._base:\n",
      "\n",
      "load_boston(*, return_X_y=False)\n",
      "    Load and return the boston house-prices dataset (regression).\n",
      "    \n",
      "    ==============   ==============\n",
      "    Samples total               506\n",
      "    Dimensionality               13\n",
      "    Features         real, positive\n",
      "    Targets           real 5. - 50.\n",
      "    ==============   ==============\n",
      "    \n",
      "    Read more in the :ref:`User Guide <boston_dataset>`.\n",
      "    \n",
      "    Parameters\n",
      "    ----------\n",
      "    return_X_y : bool, default=False\n",
      "        If True, returns ``(data, target)`` instead of a Bunch object.\n",
      "        See below for more information about the `data` and `target` object.\n",
      "    \n",
      "        .. versionadded:: 0.18\n",
      "    \n",
      "    Returns\n",
      "    -------\n",
      "    data : :class:`~sklearn.utils.Bunch`\n",
      "        Dictionary-like object, with the following attributes.\n",
      "    \n",
      "        data : ndarray of shape (506, 13)\n",
      "            The data matrix.\n",
      "        target : ndarray of shape (506, )\n",
      "            The regression target.\n",
      "        filename : str\n",
      "            The physical location of boston csv dataset.\n",
      "    \n",
      "            .. versionadded:: 0.20\n",
      "    \n",
      "        DESCR : str\n",
      "            The full description of the dataset.\n",
      "        feature_names : ndarray\n",
      "            The names of features\n",
      "    \n",
      "    (data, target) : tuple if ``return_X_y`` is True\n",
      "    \n",
      "        .. versionadded:: 0.18\n",
      "    \n",
      "    Notes\n",
      "    -----\n",
      "        .. versionchanged:: 0.20\n",
      "            Fixed a wrong data point at [445, 0].\n",
      "    \n",
      "    Examples\n",
      "    --------\n",
      "    >>> from sklearn.datasets import load_boston\n",
      "    >>> X, y = load_boston(return_X_y=True)\n",
      "    >>> print(X.shape)\n",
      "    (506, 13)\n",
      "\n"
     ]
    }
   ],
   "source": [
    "help(datasets.load_boston)"
   ]
  },
  {
   "cell_type": "code",
   "execution_count": null,
   "metadata": {},
   "outputs": [],
   "source": []
  }
 ],
 "metadata": {
  "kernelspec": {
   "display_name": "Python 3",
   "language": "python",
   "name": "python3"
  },
  "language_info": {
   "codemirror_mode": {
    "name": "ipython",
    "version": 3
   },
   "file_extension": ".py",
   "mimetype": "text/x-python",
   "name": "python",
   "nbconvert_exporter": "python",
   "pygments_lexer": "ipython3",
   "version": "3.7.10"
  }
 },
 "nbformat": 4,
 "nbformat_minor": 4
}
